# Do not edit by hand!
# This file is automatically generated by `./inst/gha/data-connect-urls-update.R`
default_connect_urls <- structure(c(`000-all` = "https://connect.posit.it/content/b295a4f7-1111-43b8-b33b-970a60270ca6/", 
`000-manual` = "https://connect.posit.it/content/255d5bb8-77c7-4802-8833-8a78764a0c0c/", 
`001-hello` = "https://connect.posit.it/content/ac4f9531-934a-436a-b3b3-70c7b2901897/", 
`002-text` = "https://connect.posit.it/content/c561586d-5a3d-484a-988d-db39ad91d733/", 
`003-reactivity` = "https://connect.posit.it/content/905f52e0-c826-42cc-928f-f928c2dfa7d1/", 
`004-mpg` = "https://connect.posit.it/content/63a7d6f1-509f-4d44-ad7b-87b9efa64c90/", 
`005-sliders` = "https://connect.posit.it/content/83b8faef-41de-4d7c-ad90-c36cab68b2e0/", 
`006-tabsets` = "https://connect.posit.it/content/8d918e92-775b-4919-8994-b3652da5fb2f/", 
`007-widgets` = "https://connect.posit.it/content/747e96f7-292c-4d03-8d1f-3a861dcf1285/", 
`008-html` = "https://connect.posit.it/content/ffeb8b50-53f6-444d-8427-0613fe420fc4/", 
`009-upload` = "https://connect.posit.it/content/09913c6d-a51f-4aac-9a32-fd99158bb5b0/", 
`010-download` = "https://connect.posit.it/content/b36780ae-ba86-416b-81c6-175aea91b4b2/", 
`012-datatables` = "https://connect.posit.it/content/71637c16-d2f0-4fd4-9f70-217873c8aff2/", 
`013-selectize` = "https://connect.posit.it/content/0cd5c672-4bdf-4b92-9b1c-012c86b4c061/", 
`014-onflushed` = "https://connect.posit.it/content/20d2fdf0-bd27-403d-900e-13ff93fc77f8/", 
`016-knitr-pdf` = "https://connect.posit.it/content/34928725-9125-4d90-8d54-031be6d51080/", 
`017-select-vs-selectize` = "https://connect.posit.it/content/8664bfb9-86ab-4d36-8d00-b4ea1d197398/", 
`018-datatable-options` = "https://connect.posit.it/content/3d59b532-126d-4e2b-beab-5264da4b7736/", 
`019-mathjax` = "https://connect.posit.it/content/d31e97ab-af28-4db1-8da4-e503a4e53e6c/", 
`020-knit-html` = "https://connect.posit.it/content/3b6d2b4d-0ae7-4bbc-abc0-6206de8a36e8/", 
`021-selectize-plot` = "https://connect.posit.it/content/e158f3db-a65c-4d16-8dc3-d4b61d4f2aac/", 
`022-unicode-chinese` = "https://connect.posit.it/content/f56a232b-c756-4369-93be-797396e67243/", 
`023-optgroup-server` = "https://connect.posit.it/content/ab796495-f2d1-4b50-8b12-e014d1d5a59c/", 
`024-optgroup-selectize` = "https://connect.posit.it/content/4abd995e-e0a5-472d-8721-edb2f1c9b7e1/", 
`025-loop-ui` = "https://connect.posit.it/content/cdb5aee1-883e-4c5e-8c7b-c4cf90f87a12/", 
`026-shiny-inline` = "https://connect.posit.it/content/0de67c32-c681-42aa-a209-44b3a6eebf74/", 
`027-absolutely-positioned-panels` = "https://connect.posit.it/content/64778014-294c-49f3-8908-6e4630f33345/", 
`032-client-data-and-query-string` = "https://connect.posit.it/content/a3dda91d-5cf4-4a34-badb-9dac01698773/", 
`033-conditionalpanel-demo` = "https://connect.posit.it/content/0d4d8fd0-b51d-4576-b54c-f394fd33e12f/", 
`037-date-and-date-range` = "https://connect.posit.it/content/fe083087-ffe6-4cff-ac84-250af0a4b107/", 
`039-download-file` = "https://connect.posit.it/content/114703d7-0423-4881-8805-6d54bee7f4ee/", 
`041-dynamic-ui` = "https://connect.posit.it/content/7a892188-0876-4787-9718-4fe1023d6b2d/", 
`047-image-output` = "https://connect.posit.it/content/676eeb77-fade-428e-a2e3-69d86ee94201/", 
`048-including-html-text-and-markdown-files` = "https://connect.posit.it/content/89bebd82-7f9a-4380-8364-b32d0dffe55a/", 
`050-kmeans-example` = "https://connect.posit.it/content/190cdc9e-a0ba-4aa7-aac7-dbe59c1d58f4/", 
`051-movie-explorer` = "https://connect.posit.it/content/d4627d52-4896-4020-90f2-dd541a72bfbe/", 
`054-nvd3-line-chart-output` = "https://connect.posit.it/content/ecc7a3a6-c226-431f-a3aa-7aa34f635a12/", 
`060-retirement-simulation` = "https://connect.posit.it/content/49bf5781-8f24-42f0-8259-6d7f9c16cbcd/", 
`061-server-to-client-custom-messages` = "https://connect.posit.it/content/40b52a4c-5bfa-4b62-9b1e-c69830423a50/", 
`062-submitbutton-demo` = "https://connect.posit.it/content/4ce20cef-9264-4876-98ff-be9795bf6926/", 
`063-superzip-example` = "https://connect.posit.it/content/c6b68036-946e-4913-89ed-9cb8420c3ed2/", 
`065-update-input-demo` = "https://connect.posit.it/content/519e2d4e-ae95-4b43-8b12-44a42a7bb300/", 
`066-upload-file` = "https://connect.posit.it/content/f357a486-2dbc-4121-a1a4-97db7708ca4b/", 
`081-widgets-gallery` = "https://connect.posit.it/content/29f29af0-4d93-4730-97d9-d56f0f1ff830/", 
`082-word-cloud` = "https://connect.posit.it/content/beef4ef3-aee9-4be1-8b2e-0938413459cd/", 
`093-plot-interaction-basic` = "https://connect.posit.it/content/796e6e7c-3f30-437d-b3ba-50d309df3eec/", 
`094-image-interaction-basic` = "https://connect.posit.it/content/93a98974-7227-4d76-8ddd-9456878864c0/", 
`095-plot-interaction-advanced` = "https://connect.posit.it/content/be677df7-66c8-49a6-89ef-dcca30f80c53/", 
`096-plot-interaction-article-1` = "https://connect.posit.it/content/4b6a1400-6412-4f81-af2b-948e4d30c170/", 
`097-plot-interaction-article-2` = "https://connect.posit.it/content/3c3eb8f7-a09c-4b9f-bb22-7f5f4b4fa891/", 
`098-plot-interaction-article-3` = "https://connect.posit.it/content/df946be3-fd0f-4767-b706-691eb61a01a5/", 
`099-plot-interaction-article-4` = "https://connect.posit.it/content/1f21fb45-f2db-45f5-95b4-74fe27fca818/", 
`100-plot-interaction-article-5` = "https://connect.posit.it/content/1e7b8f11-71d8-47d3-9791-e8428fadf0f5/", 
`101-plot-interaction-article-6` = "https://connect.posit.it/content/18b1c406-b3db-4782-a743-e2c998e17832/", 
`102-plot-interaction-article-7` = "https://connect.posit.it/content/e29c76ae-e02e-4beb-ab97-e1965ae4ef6a/", 
`103-plot-interaction-article-8` = "https://connect.posit.it/content/5ef02747-031f-482e-88ca-38746c9ce66f/", 
`104-plot-interaction-select` = "https://connect.posit.it/content/5eeb03bf-89ea-42a3-a220-53ccb552eefd/", 
`105-plot-interaction-zoom` = "https://connect.posit.it/content/25501e43-1fbe-4e68-8eb2-edb556c70063/", 
`106-plot-interaction-exclude` = "https://connect.posit.it/content/887f25bd-42c8-49a2-9988-8d1625f03e94/", 
`108-module-output` = "https://connect.posit.it/content/adb3e784-57e8-48f4-b872-8db5d2fbaea1/", 
`109-render-table` = "https://connect.posit.it/content/77b32d1c-254d-499a-b995-8df3ffb14bef/", 
`110-error-sanitization` = "https://connect.posit.it/content/71a1c1a9-7fb9-42f7-b23e-1da28e0f8672/", 
`111-insert-ui` = "https://connect.posit.it/content/7dfb287f-867b-484e-88ac-6e13d05f3347/", 
`112-generate-report` = "https://connect.posit.it/content/695cb00c-b378-4d68-bdbb-68a6d3e319f4/", 
`114-modal-dialog` = "https://connect.posit.it/content/1bcb3abf-a9f7-4022-80fe-54b5593678b6/", 
`115-remove-modal` = "https://connect.posit.it/content/d54de953-b099-4548-85dc-62ba195efcf0/", 
`117-shinythemes` = "https://connect.posit.it/content/223b8f53-03c2-4f0c-afe3-708766496978/", 
`118-highcharter-births` = "https://connect.posit.it/content/7072f470-4d8b-4cba-acff-e01d1405e74a/", 
`119-namespaced-conditionalpanel-demo` = "https://connect.posit.it/content/a29af49c-a60d-4d38-9d57-ce32c2d29711/", 
`121-async-timer` = "https://connect.posit.it/content/04db7fe0-175c-4005-90c4-bdb5cb969d78/", 
`122-async-outputs` = "https://connect.posit.it/content/cf055040-8bfd-4c3c-9c81-41c2c520a944/", 
`123-async-renderprint` = "https://connect.posit.it/content/ffee94f3-156a-414b-b11f-cfbe0b15113f/", 
`124-async-download` = "https://connect.posit.it/content/4f1a5ab5-d8c4-4a35-ba5e-347e2fa8df6b/", 
`125-async-req` = "https://connect.posit.it/content/a780a75e-ff79-4bde-9bda-6e695fa14d2f/", 
`126-async-ticks` = "https://connect.posit.it/content/b09c676c-57f2-4299-821f-eb37140855be/", 
`128-plot-dim-error` = "https://connect.posit.it/content/62e6002f-c0ba-4be4-9b48-78d4e3c68dc1/", 
`129-async-perf` = "https://connect.posit.it/content/cf74bf3b-1cae-4579-9565-7de7c5e9e40a/", 
`130-output-null` = "https://connect.posit.it/content/b141f346-39c1-40da-806c-f9ba12cfe20a/", 
`131-renderplot-args` = "https://connect.posit.it/content/f74dee39-c35a-401e-a0ac-7e8e07dab805/", 
