# Do not edit by hand!
# This file is automatically generated by `./R/data-connect-urls-update.R`
default_connect_urls <- structure(c(`001-hello` = "https://beta.rstudioconnect.com/content/2faa225b-1516-405d-b0cf-329e95d5645c/", 
`002-hello-jster` = "https://beta.rstudioconnect.com/content/8b1f7494-dd6d-44fa-b411-3b32b8e7b11e/", 
`002-text` = "https://beta.rstudioconnect.com/content/eccf87bc-7127-47ff-b79c-606cd1a5b82a/", 
`003-reactivity` = "https://beta.rstudioconnect.com/content/3835d65f-a9d8-4bd0-8bbe-7c5e3034dc89/", 
`004-mpg` = "https://beta.rstudioconnect.com/content/beba1ba0-15b6-4e33-9e4a-fab85796d5cb/", 
`005-sliders` = "https://beta.rstudioconnect.com/content/1396d897-234c-439b-83b7-3e7e98bc1ed0/", 
`006-tabsets` = "https://beta.rstudioconnect.com/content/d3847bd4-6665-417b-91de-7bc8d2161f4a/", 
`007-widgets` = "https://beta.rstudioconnect.com/content/a209cda2-5ad4-4b13-bb53-5ff454173567/", 
`008-html` = "https://beta.rstudioconnect.com/content/0a577c85-1026-4833-b865-c5407166e909/", 
`009-upload` = "https://beta.rstudioconnect.com/content/c4feda5a-154b-4a71-8a7a-3754a4078736/", 
`010-download` = "https://beta.rstudioconnect.com/content/d49ca7f0-ea7a-41a2-b152-dfaf7081c459/", 
`012-datatables` = "https://beta.rstudioconnect.com/content/ab0dbc18-8f19-4126-a181-9f2b3c988beb/", 
`013-selectize` = "https://beta.rstudioconnect.com/content/4c92ad3d-e1cf-4d9c-add7-618b732829ff/", 
`014-onflushed` = "https://beta.rstudioconnect.com/content/cd26fd76-3f0e-49bb-995e-cc7cf26559da/", 
`016-knitr-pdf` = "https://beta.rstudioconnect.com/content/1f17c89d-2942-40b7-906e-fc1a87f0a56a/", 
`017-select-vs-selectize` = "https://beta.rstudioconnect.com/content/2a88c8eb-527b-4689-9623-6fe8f7bbe73a/", 
`018-datatable-options` = "https://beta.rstudioconnect.com/content/8953e6b2-0b64-475d-a750-44de81c78298/", 
`019-mathjax` = "https://beta.rstudioconnect.com/content/25aba5bf-ab58-4fba-bfcb-ca2c48374421/", 
`020-knit-html` = "https://beta.rstudioconnect.com/content/d7fa09d2-749b-4e4d-9e11-6df72a0170c5/", 
`021-selectize-plot` = "https://beta.rstudioconnect.com/content/9c80901c-7493-48ad-b8b7-d6e44b9b9bcd/", 
`022-unicode-chinese` = "https://beta.rstudioconnect.com/content/91d37490-cce1-42d6-b2aa-93fa16d39f5b/", 
`023-optgroup-server` = "https://beta.rstudioconnect.com/content/56cc00a9-7700-4365-83e5-fb458b63b89c/", 
`024-optgroup-selectize` = "https://beta.rstudioconnect.com/content/c9a7ba94-5948-44c7-a4b0-9131331a8277/", 
`025-loop-ui` = "https://beta.rstudioconnect.com/content/7eab68ef-13e6-4ac5-9aec-4ffce79b60a6/", 
`026-shiny-inline` = "https://beta.rstudioconnect.com/content/c3d82fdc-9cfe-492c-b9b0-294ba7f4ec5c/", 
`027-absolutely-positioned-panels` = "https://beta.rstudioconnect.com/content/5bbbc2df-8261-44e8-84c2-178a71f81847/", 
`032-client-data-and-query-string` = "https://beta.rstudioconnect.com/content/7dd62b43-74be-4eb3-ae0d-d7728bbcaf28/", 
`033-conditionalpanel-demo` = "https://beta.rstudioconnect.com/content/4b7acb3f-e236-4ac6-9a52-f973519b2ad9/", 
`037-date-and-date-range` = "https://beta.rstudioconnect.com/content/076d22e7-2570-4ed1-aeb6-cadaf3bda348/", 
`039-download-file` = "https://beta.rstudioconnect.com/content/82f361e8-cfbe-43da-83ec-d06f12f0ba05/", 
`041-dynamic-ui` = "https://beta.rstudioconnect.com/content/893c5f20-0900-48d9-88ff-170c281d7081/", 
`047-image-output` = "https://beta.rstudioconnect.com/content/e8279644-9b5b-4456-947a-780ea1c6743e/", 
`048-including-html-text-and-markdown-files` = "https://beta.rstudioconnect.com/content/12704b85-98a5-4346-b353-fb7746dab6cf/", 
`050-kmeans-example` = "https://beta.rstudioconnect.com/content/5d7e30c7-bf3b-40ca-8050-08e9e29f4d92/", 
`051-movie-explorer` = "https://beta.rstudioconnect.com/content/2ca548cf-1bed-486f-8835-e5958cabb3c0/", 
`054-nvd3-line-chart-output` = "https://beta.rstudioconnect.com/content/b3ddfd16-69f9-40cf-a0cd-9029805ca410/", 
`060-retirement-simulation` = "https://beta.rstudioconnect.com/content/cdc21264-8900-4da8-8dc4-28f22d5ff30b/", 
`061-server-to-client-custom-messages` = "https://beta.rstudioconnect.com/content/edbf6c48-522e-4d33-adfb-4033c830b7c6/", 
`062-submitbutton-demo` = "https://beta.rstudioconnect.com/content/0037e821-0715-46c3-a6b0-7063c75b7088/", 
`063-superzip-example` = "https://beta.rstudioconnect.com/content/611b961d-484f-4bed-9b2e-dd4b4758ea89/", 
`065-update-input-demo` = "https://beta.rstudioconnect.com/content/7a8c3903-0e40-4a3b-8a02-386cfefa3cdc/", 
`066-upload-file` = "https://beta.rstudioconnect.com/content/3b0248ad-e872-4cb0-8c3f-67c1ea790b2c/", 
`081-widgets-gallery` = "https://beta.rstudioconnect.com/content/d7c005ca-53ac-419b-b1f8-496342f859a3/", 
`082-word-cloud` = "https://beta.rstudioconnect.com/content/9f70d26a-403b-4451-9436-10fda4089e04/", 
`093-plot-interaction-basic` = "https://beta.rstudioconnect.com/content/53d52ff3-3ea5-46f3-b637-47eff1ac7060/", 
`094-image-interaction-basic` = "https://beta.rstudioconnect.com/content/94363cb8-6176-45eb-a536-0985cbfc28a4/", 
`095-plot-interaction-advanced` = "https://beta.rstudioconnect.com/content/ed32edc8-e510-49c6-9949-ac7997e9f6f0/", 
`096-plot-interaction-article-1` = "https://beta.rstudioconnect.com/content/06eb32dd-9bc2-48f6-b819-af8b5f620e4f/", 
`097-plot-interaction-article-2` = "https://beta.rstudioconnect.com/content/7133821b-6505-4309-9355-a15ef2623a48/", 
`098-plot-interaction-article-3` = "https://beta.rstudioconnect.com/content/a8f371c4-ecdc-4ef4-ae9b-884d4ae79759/", 
`099-plot-interaction-article-4` = "https://beta.rstudioconnect.com/content/00b6dfc1-6ee4-4387-8311-dfce5fd184e9/", 
`100-plot-interaction-article-5` = "https://beta.rstudioconnect.com/content/fe980952-5d1b-4a45-8a2d-4313ccf3da62/", 
`101-plot-interaction-article-6` = "https://beta.rstudioconnect.com/content/b2240b56-addc-4ade-8acd-0e2daedcf0d4/", 
`102-plot-interaction-article-7` = "https://beta.rstudioconnect.com/content/ab5ce5e2-c0ba-48b8-a80d-7c73855bcd76/", 
`103-plot-interaction-article-8` = "https://beta.rstudioconnect.com/content/fc609184-d04d-4ee2-8e36-728e5b476f93/", 
`104-plot-interaction-select` = "https://beta.rstudioconnect.com/content/9283b096-7a14-49c1-b963-c290657f9e51/", 
`105-plot-interaction-zoom` = "https://beta.rstudioconnect.com/content/ce48f9f4-40ba-4cb5-bcbb-341e5bf25bb3/", 
`106-plot-interaction-exclude` = "https://beta.rstudioconnect.com/content/c2f4cc34-233c-495d-b9a7-1a1035530553/", 
`108-module-output` = "https://beta.rstudioconnect.com/content/fa639f64-d32f-4de0-8d63-1a627aaf6919/", 
`109-render-table` = "https://beta.rstudioconnect.com/content/fe67a9ea-d0d4-4c3c-ac85-6a2554987e41/", 
`110-error-sanitization` = "https://beta.rstudioconnect.com/content/a0bee9b4-d136-4962-b972-7253d11bd5e4/", 
`111-insert-ui` = "https://beta.rstudioconnect.com/content/7b559cab-8bcf-497e-b9e7-90aea2fe91d6/", 
`112-generate-report` = "https://beta.rstudioconnect.com/content/66293a97-3300-4011-906f-46e4acb546e2/", 
`114-modal-dialog` = "https://beta.rstudioconnect.com/content/6a5c7b9f-f1c0-4fd4-bf8b-31d818357701/", 
`115-remove-modal` = "https://beta.rstudioconnect.com/content/999388e0-350e-4055-b0be-75281e909b5d/", 
`117-shinythemes` = "https://beta.rstudioconnect.com/content/cf973004-7a98-4bc7-8bc8-1fa8e238d17e/", 
`118-highcharter-births` = "https://beta.rstudioconnect.com/content/a05e99a0-d9a8-4116-91fb-0eda0468dd59/", 
`119-namespaced-conditionalpanel-demo` = "https://beta.rstudioconnect.com/content/8ab747b0-0adc-4f55-9f22-92d47bb820a7/", 
`121-async-timer` = "https://beta.rstudioconnect.com/content/28d99209-1215-4333-b3fc-ca4228584e2f/", 
`122-async-outputs` = "https://beta.rstudioconnect.com/content/63f3050f-ac22-4faa-af85-ca2a1e29e8b7/", 
`123-async-renderprint` = "https://beta.rstudioconnect.com/content/a455f6c4-39bc-45b3-85e9-ab70e0a5cb92/", 
`124-async-download` = "https://beta.rstudioconnect.com/content/cae7f512-0d34-4b33-8b3b-02793784f059/", 
`125-async-req` = "https://beta.rstudioconnect.com/content/dde3f706-41ae-4a09-9a42-7fd6aef5626c/", 
