# Do not edit by hand!
# This file is automatically generated by `./inst/gha/data-connect-urls-update.R`
default_connect_urls <- structure(c(`000-all` = "https://dogfood.team.pct.posit.it/content/874d6f2d-c2a1-40e7-808e-3281b8252cd6/", 
`000-manual` = "https://dogfood.team.pct.posit.it/content/cb0226bd-ebee-467b-86f1-afdeb2a801f1/", 
`000-pkg-versions` = "https://dogfood.team.pct.posit.it/content/38be0f3e-9cca-4e7a-8ea8-0990d989786f/", 
`001-hello` = "https://dogfood.team.pct.posit.it/content/10855ec7-d6a0-4a80-8a5c-3c61621fe651/", 
`002-text` = "https://dogfood.team.pct.posit.it/content/2043c31a-3046-4a90-8ad9-1340a35384d9/", 
`003-reactivity` = "https://dogfood.team.pct.posit.it/content/2fccee11-1c6a-4319-839f-d808c1358701/", 
`004-mpg` = "https://dogfood.team.pct.posit.it/content/7226d203-0c52-4686-8674-efaa03d12b9f/", 
`005-sliders` = "https://dogfood.team.pct.posit.it/content/fcaa5c64-aa3e-4092-b0b3-799b24261c6f/", 
`006-tabsets` = "https://dogfood.team.pct.posit.it/content/e1f25e16-2c3a-4a8d-ba99-63ca275d7030/", 
`007-widgets` = "https://dogfood.team.pct.posit.it/content/caf92c5e-3d6d-460b-b6b4-60d354398047/", 
`008-html` = "https://dogfood.team.pct.posit.it/content/09ed50dc-77cc-40cb-b021-8b6741d8ef5c/", 
`009-upload` = "https://dogfood.team.pct.posit.it/content/c4166e3b-1950-4fb6-af23-c77e58636440/", 
`010-download` = "https://dogfood.team.pct.posit.it/content/6e2045e4-f5ee-424d-a2e1-d6a08919a98b/", 
`012-datatables` = "https://dogfood.team.pct.posit.it/content/b520709f-1417-4a4e-8afb-d57ca63917c3/", 
`013-selectize` = "https://dogfood.team.pct.posit.it/content/bed067c6-bd65-4c1f-bc04-1836464b797a/", 
`014-onflushed` = "https://dogfood.team.pct.posit.it/content/07f9aecc-749a-4156-8101-53b08d16eb85/", 
`016-knitr-pdf` = "https://dogfood.team.pct.posit.it/content/eb4c440d-c551-44ea-8448-0828f4b1039f/", 
`017-select-vs-selectize` = "https://dogfood.team.pct.posit.it/content/4d71e092-06da-4c1d-ac91-756314096272/", 
`018-datatable-options` = "https://dogfood.team.pct.posit.it/content/522a7dca-7ee5-4ae8-ba27-674049e30687/", 
`019-mathjax` = "https://dogfood.team.pct.posit.it/content/94e713ea-3f1a-4a59-ba12-e4bf0f7c56e4/", 
`020-knit-html` = "https://dogfood.team.pct.posit.it/content/4850ce2c-cf96-4884-b8ef-403e4209849a/", 
`021-selectize-plot` = "https://dogfood.team.pct.posit.it/content/29f6c428-416a-4d70-bd0a-8304ca43776e/", 
`022-unicode-chinese` = "https://dogfood.team.pct.posit.it/content/44fdf6f2-664d-41ff-9126-97a8ace5db2e/", 
`023-optgroup-server` = "https://dogfood.team.pct.posit.it/content/3b421194-b819-40cd-90a2-42a7b089f793/", 
`024-optgroup-selectize` = "https://dogfood.team.pct.posit.it/content/37f3bee2-68cb-4ccc-ac81-9420a36e3109/", 
`025-loop-ui` = "https://dogfood.team.pct.posit.it/content/13c3b3c8-ba7c-444e-84df-e210e02aa90e/", 
`026-shiny-inline` = "https://dogfood.team.pct.posit.it/content/e9bb265b-1707-40e8-b0a2-5b9354e48120/", 
`027-absolutely-positioned-panels` = "https://dogfood.team.pct.posit.it/content/98920c13-1c11-4680-a61f-bc322014197f/", 
`032-client-data-and-query-string` = "https://dogfood.team.pct.posit.it/content/351d571d-72d2-41cd-911a-fb9254ebc300/", 
`033-conditionalpanel-demo` = "https://dogfood.team.pct.posit.it/content/1dba4379-412d-43e5-b3eb-1cf15e17fd4c/", 
`037-date-and-date-range` = "https://dogfood.team.pct.posit.it/content/3630628d-cb5d-4bd5-abef-e0f9d8da8df1/", 
`039-download-file` = "https://dogfood.team.pct.posit.it/content/20e9a44b-417a-4e90-9ee3-e93d845d852b/", 
`041-dynamic-ui` = "https://dogfood.team.pct.posit.it/content/d15ca98d-8968-4d7a-ad7d-7b226a77894b/", 
`047-image-output` = "https://dogfood.team.pct.posit.it/content/a5a0134c-9812-4651-b689-72312e1615b7/", 
`048-including-html-text-and-markdown-files` = "https://dogfood.team.pct.posit.it/content/ee72e601-2e58-4212-b286-fe4a11d14a19/", 
`050-kmeans-example` = "https://dogfood.team.pct.posit.it/content/09c1f35e-ffd0-42ef-a226-429ba2f94336/", 
`051-movie-explorer` = "https://dogfood.team.pct.posit.it/content/527927a8-d679-448e-b496-5f56277e49a5/", 
`054-nvd3-line-chart-output` = "https://dogfood.team.pct.posit.it/content/f45aef2a-c9e5-4e04-ae53-2afb0647b2a0/", 
`060-retirement-simulation` = "https://dogfood.team.pct.posit.it/content/5931b009-8d35-4c92-bccd-04f072d31aa4/", 
`061-server-to-client-custom-messages` = "https://dogfood.team.pct.posit.it/content/ed83bc23-59d4-4231-827c-fa43c0146af7/", 
`062-submitbutton-demo` = "https://dogfood.team.pct.posit.it/content/4ee9a124-cd72-4da9-9d2a-106644a6269a/", 
`063-superzip-example` = "https://dogfood.team.pct.posit.it/content/8a7c2b28-bf50-4e83-9eae-a5c0207f0b19/", 
`065-update-input-demo` = "https://dogfood.team.pct.posit.it/content/b1899e81-5578-4574-859c-dfdb67db5490/", 
`066-upload-file` = "https://dogfood.team.pct.posit.it/content/063d3fa0-538e-4c8a-acdb-2f8513a9b51b/", 
`081-widgets-gallery` = "https://dogfood.team.pct.posit.it/content/9b07e959-6a62-4bb5-abad-4909c8818642/", 
`082-word-cloud` = "https://dogfood.team.pct.posit.it/content/49ede245-0fc3-4608-96da-a530ce72b99b/", 
`093-plot-interaction-basic` = "https://dogfood.team.pct.posit.it/content/f7c25666-b838-40cd-b0a4-4993eeced4b7/", 
`094-image-interaction-basic` = "https://dogfood.team.pct.posit.it/content/7356545b-2dd6-4146-b1b8-05d158ca327b/", 
`095-plot-interaction-advanced` = "https://dogfood.team.pct.posit.it/content/ac909913-727b-4af7-aa53-a8072e35b10c/", 
`096-plot-interaction-article-1` = "https://dogfood.team.pct.posit.it/content/bc09562b-cf2a-401a-90fa-bdfc52948538/", 
`097-plot-interaction-article-2` = "https://dogfood.team.pct.posit.it/content/d982086f-468d-4e27-8eac-2a439c1d9827/", 
`098-plot-interaction-article-3` = "https://dogfood.team.pct.posit.it/content/138c9034-5c55-438d-b3fe-af684046a58c/", 
`099-plot-interaction-article-4` = "https://dogfood.team.pct.posit.it/content/697532cf-6588-4338-a3d5-555b85ae2d2e/", 
`100-plot-interaction-article-5` = "https://dogfood.team.pct.posit.it/content/f7719c3d-8ad4-41b0-91ec-dd8c1c2468ee/", 
`101-plot-interaction-article-6` = "https://dogfood.team.pct.posit.it/content/b8f021c2-32e5-46d8-9651-455b819b1eb4/", 
`102-plot-interaction-article-7` = "https://dogfood.team.pct.posit.it/content/9a7c0a37-a5e0-4006-8032-7b014cf338fa/", 
`103-plot-interaction-article-8` = "https://dogfood.team.pct.posit.it/content/26944453-e389-445b-a439-16ce0f333256/", 
`104-plot-interaction-select` = "https://dogfood.team.pct.posit.it/content/fb0d349e-cb47-4db8-bdc8-7fe57e8521a1/", 
`105-plot-interaction-zoom` = "https://dogfood.team.pct.posit.it/content/c00987d8-02cc-441c-a483-35bf8cfccfb5/", 
`106-plot-interaction-exclude` = "https://dogfood.team.pct.posit.it/content/57650b1b-b97b-40c7-b02c-98f10fe5834a/", 
`108-module-output` = "https://dogfood.team.pct.posit.it/content/eb6b8ff2-f4d2-4f81-8f20-5c02bd97d608/", 
`109-render-table` = "https://dogfood.team.pct.posit.it/content/29a38c77-93e3-43a1-a359-64da8397ace3/", 
`110-error-sanitization` = "https://dogfood.team.pct.posit.it/content/1ca0e714-9950-4846-a8bb-27811223302c/", 
`111-insert-ui` = "https://dogfood.team.pct.posit.it/content/ec4cc2be-4731-4846-a81f-2bd5ff54e41e/", 
`112-generate-report` = "https://dogfood.team.pct.posit.it/content/901cf15d-b20f-46d5-b611-e3e8b98d7372/", 
`114-modal-dialog` = "https://dogfood.team.pct.posit.it/content/005c1d1e-c884-4afe-8a3c-2a19d6dd3327/", 
`115-remove-modal` = "https://dogfood.team.pct.posit.it/content/1771b670-c840-4d23-bdae-8c8fb462fec9/", 
`117-shinythemes` = "https://dogfood.team.pct.posit.it/content/7ef92f05-cdc6-407a-9088-8ccccb84a58a/", 
`118-highcharter-births` = "https://dogfood.team.pct.posit.it/content/0ff2dbd6-c4bc-47d2-9791-414909b7625f/", 
`119-namespaced-conditionalpanel-demo` = "https://dogfood.team.pct.posit.it/content/89a332fe-6ce4-4d11-9da8-1625318a7e21/", 
`121-async-timer` = "https://dogfood.team.pct.posit.it/content/cf3a3975-3169-4208-b2e4-35a856b6fa70/", 
`122-async-outputs` = "https://dogfood.team.pct.posit.it/content/ee87b848-0c69-4002-803b-b589d7c4f6f9/", 
